1300656
1300657
1300658
1300659
1300660
1300661
1300662
1300663
1300664
1300665
1300666
1300667
1300668
1300669
1300670
1300671
1300672
1300673
1300674
1300675
1300676
1300677
1300678
1300679
1300680
1300681
1300682
1300683
1300684
1300685
1300686
1300687
1300688
1300689
1300690
1300691
1300692
1300693
1300694
1300695
1300696
1300697
1300698
1300699
1300700
1300701
1300702
1300703
1300704
1300705
1300706
1300707
1300708
1300709
1300710
1300711
1300712
1300713
1300714
1300715
1300716
1300717
1300718
1300719
1300720
1300721
1300722
1300723
1300724
1300725
1300726
1300727
1300728
1300729
1300730
1300731
1300732
1300733
1300734
1300735
1300736
1300737
1300738
1300739
1300740
1300741
1300742
1300743
1300744
1300745
1300746
1300747
1300748
1300749
1300750
1300751
1300752
1300753
1300754
1300755
1300756
1300757
1300758
1300759
1300760
1300761
1300762
1300763
1300764
1300765
1300766
1300767
1300768
1300769
1300770
1300771
1300772
1300773
1300774
1300775
1300776
1300777
1300778
1300779
1300780
1300781
1300782
1300783
1300784
1300785
1300786
1300787
1300788
1300789
1300790
1300791
1300792
1300793
1300794
1300795
1300796
1300797
1300798
1300799
1300800
1300801
1300802
1300803
1300804
1300805
1300806
1300807
1300808
1300809
1300810
1300811
1300812
1300813
1300814
1300815
1300816
1300817
1300818
1300819
1300820
1300821
1300822
1300823
1300824
1300825
1300826
1300827
1300828
1300829
1300830
1300831
1300832
1300833
1300834
1300835
1300836
1300837
1300838
1300839
1300840
1300841
1300842
1300843
1300844
1300845
1300846
1300847
1300848
1300849
1300850
1300851
1300852
1300853
1300854
1300855
1300856
1300857
1300858
1300859
1300860
1300861
1300862
1300863
1300864
1300865
1300866
1300867
1300868
1300869
1300870
1300871
1300872
1300873
1300874
1300875
1300876
1300877
1300878
1300879
1300880
1300881
1300882
1300883
1300884
1300885
1300886
1300887
1300888
1300889
1300890
1300891
1300892
1300893
1300894
1300895
1300896
1300897
1300898
1300899
1300900
1300901
1300902
1300903
1300904
1300905
1300906
1300907
1300908
1300909
1300910
1300911
1300912
1300913
1300914
1300915
1300916
1300917
1300918
1300919
1300920
1300921
1300922
1300923
1300924
1300925
1300926
1300927
1300928
1300929
1300930
1300931
1300932
1300933
1300934
1300935
1310001
1310002
1310003
1310004
1310005
1310006
1310007
1310008
1310009
1310010
1310011
1310012
1310013
1310014
1310015
1310016
1310017
1310018
1310019
1310020
1310021
1310022
1310023
1310024
1310025
1310026
1310027
1310028
1310029
1310030
1310031
1310032
1310033
1310034
1310035
1310036
1310037
1310038
1310039
1310040
1310041
1310042
1310043
1310044
1310045
1310046
1310047
1310048
1310049
1310050
1310051
1310052
1310053
1310054
1310055
1310056
1310057
1310058
1310059
1310060
1310061
1310062
1310063
1310064
1310065
1310066
1310067
1310068
1310069
1310070
1310071
1310072
1310073
1310074
1310075
1310076
1310077
1310078
1310079
1310080
1310081
1310082
1310083
1310084
1310085
1310086
1310087
1310088
1310089
1310090
1310091
1310092
1310093
1310094
1310095
1310096
1310097
1310098
1310099
1310100
1310101
1310102
1310103
1310104
1310105
1310106
1310107
1310108
1310109
1310110
1310111
1310112
1310113
1310114
1310115
1310116
1310117
1310118
1310119
1310120
1310121
1310122
1310123
1310124
1310125
1310126
1310127
1310128
1310129
1310130
1310131
1310132
1310133
1310134
1310135
1310136
1310137
1310138
1310139
1310140
1310141
1310142
1310143
1310144
1310145
1310146
1310147
1310148
1310149
1310150
1310151
1310152
1310153
1310154
1310155
1310156
1310157
1310158
1310159
1310160
1310161
1310162
1310163
1310164
1310165
1310166
1310167
1310168
1310169
1310170
1310171
1310172
1310173
1310174
1310175
1310176
1310177
1310178
1310179
1310180
1310181
1310182
1310183
1310184
1310185
1310186
1310187
1310188
1310189
1310190
1310191
1310192
1310193
1310194
1310195
1310196
1310197
1310198
1310199
1310200
1310201
1310202
1310203
1310204
1310205
1310206
1310207
1310208
1310209
1310210
1310211
1310212
1310213
1310214
1310215
1310216
1310217
1310218
1310219
1310220
1310221
1310222
1310223
1310224
1310225
1310226
1310227
1310228
1310229
1310230
1310231
1310232
1310233
1310234
1310235
1310236
1310237
1310238
1310239
1310240
1310241
1310242
1310243
1310244
1310245
1310246
1310247
1310248
1310249
1310250
1310251
1310252
1310253
1310254
1310255
1310256
1310257
1310258
1310259
1310260
1310261
1310262
1310263
1310264
1310265
1310266
1310267
1310268
1310269
1310270
1310271
1310272
1310273
1310274
1310275
1310276
1310277
1310278
1310279
1310280
1310281
1310282
1310283
1310284
1310285
1310286
1310287
1310288
1310289
1310290
1310291
1310292
1310293
1310294
1310295
1310296
1310297
1310298
1310299
1310300
1310301
1310302
1310303
1310304
1310305
1310306
1310307
1310308
1310309
1310310
1310311
1310312
1310313
1310314
1310315
1310316
1310317
1310318
1310319
1310320
1310321
1310322
1310323
1310324
1310325
1310326
1310327
1310328
1310329
1310330
1310331
1310332
1310333
1310334
1310335
1310336
1310337
1310338
1310339
1310340
1310341
1310342
1310343
1310344
1310345
1310346
1310347
1310348
1310349
1310350
1310351
1310352
1310353
1310354
1310355
1310356
1310357
1310358
1310359
1310360
1310361
1310362
1310363
1310364
1310365
1310366
1310367
1310368
1310369
1310370
1310371
1310372
1310373
1310374
1310375
1310376
1310377
1310378
1310379
1310380
1310381
1310382
1310383
1310384
1310385
1310386
1310387
1310388
1310389
1310390
1310391
1310392
1310393
1310394
1310395
1310396
1310397
1310398
1310399
1310400
1310401
1310402
1310403
1310404
1310405
1310406
1310407
1310408
1310409
1310410
1310411
1310412
1310413
1310414
1310415
1310416
1310417
1310418
1310419
1310420
1310421
1310422
1310423
1310424
1310425
1310426
1310427
1310428
1310429
1310430
1310431
1310432
1310433
1310434
1310435
1310436
1310437
1310438
1310439
1310440
1310441
1310442
1310443
1310444
1310445
1310446
1310447
1310448
1310449
1310450
1310451
1310452
1310453
1310454
1310455
1310456
1310457
1310458
1310459
1310460
1310461
1310462
1310463
1310464
1310465
1310466
1310467
1310468
1310469
1310470
1310471
1310472
1310473
1310474
1310475
1310476
1310477
1310478
1310479
1310480
1310481
1310482
1310483
1310484
1310485
1310486
1310487
1310488
1310489
1310490
1310491
1310492
1310493
1310494
1310495
1310496
1310497
1310498
1310499
1310500
1310501
1310502
1310503
1310504
1310505
1310506
1310507
1310508
1310509
1310510
1310511
1310512
1310513
1310514
1310515
1310516
1310517
1310518
1310519
1310520
1310521
1310522
1310523
1310524
1310525
1310526
1310527
1310528
1310529
1310530
1310531
1310532
1310533
1310534
1310535
1310536
1310537
1310538
1310539
1310540
1310541
1310542
1310543
1310544
1310545
1310546
1310547
1310548
1310549
1310550
1310551
1310552
1310553
1310554
1310555
1310556
1310557
1310558
1310559
1310560
1310561
1310562
1310563
1310564
1310565
1310566
1310567
1310568
1310569
1310570
1310571
1310572
1310573
1310574
1310575
1310576
1310577
1310578
1310579
1310580
1310581
1310582
1310583
1310584
1310585
1310586
1310587
1310588
1310589
1310590
1310591
1310592
1310593
1310594
1310595
1310596
1310597
1310598
1310599
1310600
1310601
1310602
1310603
1310604
1310605
1310606
1310607
1310608
1310609
1310610
1310611
1310612
1310613
1310614
1310615
1310616
1310617
1310618
1310619
1310620
1310621
1310622
1310623
1310624
1310625
1310626
1310627
1310628
1310629
1310630
1310631
1310632
1310633
1310634
1310635
1310636
1310637
1310638
1310639
1310640
1310641
1310642
1310643
1310644
1310645
1310646
1310647
1310648
1310649
1310650
1310651
1310652
1310653
1310654
1310655
1310656
1310657
1310658
1310659
1310660
1310661
1310662
1310663
1310664
1310665
1310666
1310667
1310668
1310669
1310670
1310671
1310672
1310673
1310674
1310675
1310676
1310677
1310678
1310679
1310680
1310681
1310682
1310683
1310684
1310685
1310686
1310687
1310688
1310689
1310690
1310691
1310692
1310693
1310694
1310695
1310696
1310697
1310698
1310699
1310700
1310701
1310702
1310703
1310704
1310705
1310706
1310707
1310708
1310709
1310710
1310711
1310712
1310713
1310714
1310715
1310716
1310717
1310718
1310719
1310720
1310721
1310722
1310723
1310724
1310725
1310726
1310727
1310728
1310729
1310730
1310731
1310732
1310733
1310734
1310735
1310736
1310737
1310738
1310739
1310740
1310741
1310742
1310743
1310744
1310745
1310746
1310747
1310748
1310749
1310750
1310751
1310752
1310753
1310754
1310755
1310756
1310757
1310758
1310759
1310760
1310761
1310762
1310763
1310764
1310765
1310766
1310767
1310768
1310769
1310770
1310771
1310772
1310773
1310774
1310775
1310776
1310777
1310778
1310779
1310780
1310781
1310782
1310783
1310784
1310785
1310786
1310787
1310788
1310789
1310790
1310791
1310792
1310793
1310794
1310795
1310796
1310797
1310798
1310799
1310800
1310801
1310802
1310803
1310804
1310805
1310806
1310807
1310808
1310809
1310810
1310811
1310812
1310813
1310814
1310815
1310816
1310817
1310818
1310819
1310820
1310821
1310822
1310823
1310824
1310825
1310826
1310827
1310828
1310829
1310830
1310831
1310832
1310833
1310834
1310835
1310836
1310837
1310838
1310839
1310840
1310841
1310842
1310843
1310844
1310845
1310846
1310847
1310848
1310849
1310850
1310851
1310852
1310853
1310854
1310855
1310856
1310857
1310858
1310859
1310860
1310861
1310862
1310863
1310864
1310865
1310866
1310867
1310868
1310869
1310870
1310871
1310872
1310873
1310874
1310875
1310876
1310877
1310878
1310879
1310880
1310881
1310882
1310883
1310884
1310885
1310886
1310887
1310888
1310889
1310890
1310891
1310892
1310893
1310894
1310895
1310896
1310897
1310898
1310899
1310900
1310901
1310902
1310903
1310904
1310905
1310906
1310907
1310908
1310909
1310910
1310911
1310912
1310913
1310914
1310915
1310916
1310917
1310918
1310919
1310920
1310921
1310922
1310923
1310924
1310925
1310926
1310927
1310928
1310929
1310930
1310931
1310932
1310933
1310934
1310935
1310936
1310937
1310938
1310939
1310940
1310941
1310942
1310943
1310944
1310945
1310946
1310947
1310948
1310949
1310950
1310951
1310952
1310953
1310954
1310955
1310956
1310957
1310958
1310959
1310960
1310961
1310962
1310963
1310964
1310965
1310966
1310967
1310968
1310969
1310970
1310971
1310972
1310973
1310974
1310975
1310976
1310977
1310978
1310979
1310980
1310981
1310982
1310983
1310984
1310985
1310986
1310987
1310988
1310989
1310990
1310991
1310992
1310993
1310994
1310995
1310996
1310997
1310998
1310999
1311000
1311001
1311002
1311003
1311004
1311005
1311006
1311007
1311008
1311009
1311010
1311011
1311012
1311013
1311014
1311015
1311016
1311017
1311018
1320001
1320002
1320003
1320004
1320005
1320006
1320007
1320008
1320009
1320010
1320011
1320012
1320013
1320014
1320015
1320016
1320017
1320018
1320019
1320020
1320021
1320022
1320023
1320024
1320025
1320026
1320027
1320028
1320029
1320030
1320031
1320032
1320033
1320034
1320035
1320036
1320037
1320038
1320039
1320040
1320041
1320042
1320043
1320044
1320045
1320046
1320047
1320048
1320049
1320050
1320051
1320052
1320053
1320054
1320055
1320056
1320057
1320058
1320059
1320060
1320061
1320062
1320063
1320064
1320065
1320066
1320067
1320068
1320069
1320070
1320071
1320072
1320073
1320074
1320075
1320076
1320077
1320078
1320079
1320080
1320081
1320082
1320083
1320084
1320085
1320086
1320087
1320088
1320089
1320090
1320091
1320092
1320093
1320094
1320095
1320096
1320097
1320098
1320099
1320100
1320101
1320102
1320103
1320104
1320105
1320106
1320107
1320108
1320109
1320110
1320111
1320112
1320113
1320114
1320115
1320116
1320117
1320118
1320119
1320120
1320121
1320122
1320123
1320124
1320125
1320126
1320127
1320128
1320129
1320130
1320131
1320132
1320133
1320134
1320135
1320136
1320137
1320138
1320139
1320140
1320141
1320142
1320143
1320144
1320145
1320146
1320147
1320148
1320149
1320150
1320151
1320152
1320153
1320154
1320155
1320156
1320157
1320158
1320159
1320160
1320161
1320162
1320163
1320164
1320165
1320166
1320167
1320168
1320169
1320170
1320171
1320172
1320173
1320174
1320175
1320176
1320177
1320178
1320179
1320180
1320181
1320182
1320183
1320184
1320185
1320186
1320187
1320188
1320189
1320190
1320191
1320192
1320193
1320194
1320195
1320196
1320197
1320198
1320199
1320200
1320201
1320202
1320203
1320204
1320205
1320206
1320207
1320208
1320209
1320210
1320211
1320212
1320213
1320214
1320215
1320216
1320217
1320218
1320219
1320220
1320221
1320222
1320223
1320224
1320225
1320226
1320227
1320228
1320229
1320230
1320231
1320232
1320233
1320234
1320235
1320236
1320237
1320238
1320239
1320240
1320241
1320242
1320243
1320244
1320245
1320246
1320247
1320248
1320249
1320250
1320251
1320252
1320253
1320254
1320255
1320256
1320257
1320258
1320259
1320260
1320261
1320262
1320263
1320264
1320265
1320266
1320267
1320268
1320269
1320270
1320271
1320272
1320273
1320274
1320275
1320276
1320277
1320278
1320279
1320280
1320281
1320282
1320283
1320284
1320285
1320286
1320287
1320288
1320289
1320290
1320291
1320292
1320293
1320294
1320295
1320296
1320297
1320298
1320299
1320300
1320301
1320302
1320303
1320304
1320305
1320306
1320307
1320308
1320309
1320310
1320311
1320312
1320313
1320314
1320315
1320316
1320317
1320318
1320319
1320320
1320321
1320322
1320323
1320324
1320325
1320326
1320327
1320328
1320329
1320330
1320331
1320332
1320333
1320334
1320335
1320336
1320337
1320338
1320339
1320340
1320341
1320342
1320343
1320344
1320345
1320346
1320347
1320348
1320349
1320350
1320351
1320352
1320353
1320354
1320355
1320356
1320357
1320358
1320359
1320360
1320361
1320362
1320363
1320364
1320365
1320366
1320367
1320368
1320369
1320370
1320371
1320372
1320373
1320374
1320375
1320376
1320377
1320378
1320379
1320380
1320381
1320382
1320383
1320384
1320385
1320386
1320387
1320388
1320389
1320390
1320391
1320392
1320393
1320394
1320395
1320396
1320397
1320398
1320399
1320400
1320401
1320402
1320403
1320404
1320405
1320406
1320407
1320408
1320409
1320410
1320411
1320412
1320413
1320414
1320415
1320416
1320417
1320418
1320419
1320420
1320421
1320422
1320423
1320424
1320425
1320426
1320427
1320428
1320429
1320430
1320431
1320432
1320433
1320434
1320435
1320436
1320437
1320438
1320439
1320440
1320441
1320442
1320443
1320444
1320445
1320446
1320447
1320448
1320449
1320450
1320451
1320452
1320453
1320454
1320455
1320456
1320457
1320458
1320459
1320460
1320461
1320462
1320463
1320464
1320465
1320466
1320467
1320468
1320469
1320470
1320471
1320472
1320473
1320474
1320475
1320476
1320477
1320478
1320479
1320480
1320481
1320482
1320483
1320484
1320485
1320486
1320487
1320488
1320489
1320490
1320491
1320492
1320493
1320494
1320495
1320496
1320497
1320498
1320499
1320500
1320501
1320502
1320503
1320504
1320505
1320506
1320507
1320508
1320509
1320510
1320511
1320512
1320513
1320514
1320515
1320516
1320517
1320518
1320519
1320520
1320521
1320522
1320523
1320524
1320525
1320526
1320527
1320528
1320529
1320530
1320531
1320532
1320533
1320534
1320535
1320536
1320537
1320538
1320539
1320540
1320541
1320542
1320543
1320544
1320545
1320546
1320547
1320548
1320549
1320550
1320551
1320552
1320553
1320554
1320555
1320556
1320557
1320558
1320559
1320560
1320561
1320562
1320563
1320564
1320565
1320566
1320567
1320568
1320569
1320570
1320571
1320572
1320573
1320574
1320575
1320576
1320577
1320578
1320579
1320580
1320581
1320582
1320583
1320584
1320585
1320586
1320587
1320588
1320589
1320590
1320591
1320592
1320593
1320594
1320595
1320596
1320597
1320598
1320599
1320600
1320601
1320602
1320603
1320604
1320605
1320606
1320607
1320608
1320609
1320610
1320611
1320612
1320613
1320614
1320615
1320616
1320617
1320618
1320619
1320620
1320621
1320622
1320623
1320624
1320625
1320626
1320627
1320628
1320629
1320630
1320631
1320632
1320633
1320634
1320635
1320636
1320637
1320638
1320639
1320640
1320641
1320642
1320643
1320644
1320645
1320646
1320647
1320648
1320649
1320650
1320651
1320652
1320653
1320654
1320655
1320656
1320657
1320658
1320659
1320660
1320661
1320662
1320663
1320664
1320665
1320666
1320667
1320668
1320669
1320670
1320671
1320672
1320673
1320674
1320675
1320676
1320677
1320678
1320679
1320680
1320681
1320682
1320683
1320684
1320685
1320686
1320687
1320688
1320689
1320690
1320691
1320692
1320693
1320694
1320695
1320696
1320697
1320698
1320699
1320700
1320701
1320702
1320703
1320704
1320705
1320706
1320707
1320708
1320709
1320710
1320711
1320712
1320713
1320714
1320715
1320716
1320717
1320718
1320719
1320720
1320721
1320722
1320723
1320724
1320725
1320726
1320727
1320728
1320729
1320730
1320731
1320732
1320733
1320734
1320735
1320736
1320737
1320738
1320739
1320740
1320741
1320742
1320743
1320744
1320745
1320746
1320747
1320748
1320749
1320750
1320751
1320752
1320753
1320754
1320755
1320756
1320757
1320758
1320759
1320760
1320761
1320762
1320763
1320764
1320765
1320766
1320767
1320768
1320769
1320770
1320771
1320772
1320773
1320774
1320775
1320776
1320777
1320778
1320779
1320780
1320781
1320782
1320783
1320784
1320785
1320786
1320787
1320788
1320789
1320790
1320791
1320792
1320793
1320794
1320795
1320796
1320797
1320798
1320799
1320800
1320801
1320802
1320803
1320804
1320805
1320806
1320807
1320808
1320809
1320810
1320811
1320812
1320813
1320814
1320815
1320816
1320817
1320818
1320819
1320820
1320821
1320822
1320823
1320824
1320825
1320826
1320827
1320828
1320829
1320830
1320831
1320832
1320833
1320834
1320835
1320836
1320837
1320838
1320839
1320840
1320841
1320842
1320843
1320844
1320845
1320846
1320847
1320848
1320849
1320850
1320851
1320852
1320853
1320854
1320855
1320856
1320857
1320858
1320859
1320860
1320861
1320862
1320863
1320864
1320865
1320866
1320867
1320868
1320869
1320870
1320871
1320872
1320873
1320874
1320875
1320876
1320877
1320878
1320879
1320880
1320881
1320882
1320883
1320884
1320885
1320886
1320887
1320888
1320889
1320890
1320891
1320892
1320893
1320894
1320895
1320896
1320897
1320898
1320899
1320900
1320901
1320902
1320903
1320904
1320905
1320906
1320907
1320908
1320909
1320910
1320911
1320912
1320913
1320914
1320915
1320916
1320917
1320918
1320919
1320920
1320921
1320922
1320923
1320924
1320925
1320926
1320927
1320928
1320929
1320930
1320931
1320932
1320933
1320934
1320935
1320936
1320937
1320938
1320939
1320940
1320941
1320942
1320943
1320944
1320945
1320946
1320947
1320948
1320949
1320950
1320951
1320952
1320953
1320954
1320955
1320956
1320957
1320958
1320959
1320960
1320961
1320962
1320963
1320964
1320965
1320966
1320967
1320968
1320969
1320970
1320971
1320972
1320973
1320974
1320975
1320976
1320977
1320978
1320979
1320980
1320981
1320982
1320983
1320984
1320985
1320986
1320987
1320988
1320989
1320990
1320991
1320992
1320993
1320994
1320995
1320996
1320997
1320998
1320999
1321000
1321001
1321002
1321003
1321004
1321005
1321006
1321007
1321008
1321009
1321010
1321011
1321012
1321013
1321014
1321015
1321016
1321017
1321018
1321019
1321020
1321021
1321022
1321023
1321024
1321025
1321026
1321027
1321028
1321029
1321030
1321031
1321032
1321033
1321034
1321035
1321036
1321037
1321038
1321039
1321040
1321041
1321042
1321043
1321044
1321045
1321046
1321047
1321048
1321049
1321050
1321051
1321052
1321053
1321054
1321055
1321056
1321057
1321058
1321059
1321060
1321061
1321062
1321063
1321064
1321065
1321066
1321067
1321068
1321069
1321070
1321071
1321072
1321073
1321074
1321075
1321076
1321077
1321078
1321079
1321080
1321081
1321082
1321083
1321084
1321085
1321086
1321087
1321088
1321089
1321090
1321091
1321092
1321093
1321094
1321095
1321096
1321097
1321098
1321099
1321100
1321101
1321102
1321103
1321104
1321105
1321106
1321107
1321108
1321109
1321110
1330001
1330002
1330003
1330004
1330005
1330006
1330007
1330008
1330009
1330010
1330011
1330012
1330013
1330014
1330015
1330016
1330017
1330018
1330019
1330020
1330021
1330022
1330023
1330024
1330025
1330026
1330027
1330028
1330029
1330030
1330031
1330032
1330033
1330034
1330035
1330036
1330037
1330038
1330039
1330040
1330041
1330042
1330043
1330044
1330045
1330046
1330047
1330048
1330049
1330050
1330051
1330052
1330053
1330054
1330055
1330056
1330057
1330058
1330059
1330060
1330061
1330062
1330063
1330064
1330065
1330066
1330067
1330068
1330069
1330070
1330071
1330072
1330073
1330074
1330075
1330076
1330077
1330078
1330079
1330080
1330081
1330082
1330083
1330084
1330085
1330086
1330087
1330088
1330089
1330090
1330091
1330092
1330093
1330094
1330095
1330096
1330097
1330098
1330099
1330100
1330101
1330102
1330103
1330104
1330105
1330106
1330107
1330108
1330109
1330110
1330111
1330112
1330113
1330114
1330115
1330116
1330117
1330118
1330119
1330120
1330121
1330122
1330123
1330124
1330125
1330126
1330127
1330128
1330129
1330130
1330131
1330132
1330133
1330134
1330135
1330136
1330137
1330138
1330139
1330140
1330141
1330142
1330143
1330144
1330145
1330146
1330147
1330148
1330149
1330150
1330151
1330152
1330153
1330154
1330155
1330156
1330157
1330158
1330159
1330160
1330161
1330162
1330163
1330164
1330165
1330166
1330167
1330168
1330169
1330170
1330171
1330172
1330173
1330174
1330175
1330176
1330177
1330178
1330179
1330180
1330181
1330182
1330183
1330184
1330185
1330186
1330187
1330188
1330189
1330190
1330191
1330192
1330193
1330194
1330195
1330196
1330197
1330198
1330199
1330200
1330201
1330202
1330203
1330204
1330205
1330206
1330207
1330208
1330209
1330210
1330211
1330212
1330213
1330214
1330215
1330216
1330217
1330218
1330219
1330220
1330221
1330222
1330223
1330224
1330225
1330226
1330227
1330228
1330229
1330230
1330231
1330232
1330233
1330234
1330235
1330236
1330237
1330238
1330239
1330240
1330241
1330242
1330243
1330244
1330245
1330246
1330247
1330248
1330249
1330250
1330251
1330252
1330253
1330254
1330255
1330256
1330257
1330258
1330259
1330260
1330261
1330262
1330263
1330264
1330265
1330266
1330267
1330268
1330269
1330270
1330271
1330272
1330273
1330274
1330275
1330276
1330277
1330278
1330279
1330280
1330281
1330282
1330283
1330284
1330285
1330286
1330287
1330288
1330289
1330290
1330291
1330292
1330293
1330294
1330295
1330296
1330297
1330298
1330299
1330300
1330301
1330302
1330303
1330304
1330305
1330306
1330307
1330308
1330309
1330310
1330311
1330312
1330313
1330314
1330315
1330316
1330317
1330318
1330319
1330320
1330321
1330322
1330323
1330324
1330325
1330326
1330327
1330328
1330329
1330330
1330331
1330332
1330333
1330334
1330335
1330336
1330337
1330338
1330339
1330340
1330341
1330342
1330343
1330344
1330345
1330346
1330347
1330348
1330349
1330350
1330351
1330352
1330353
1330354
1330355
1330356
1330357
1330358
1330359
1330360
1330361
1330362
1330363
1330364
1330365
1330366
1330367
1330368
1330369
1330370
1330371
1330372
1330373
1330374
1330375
1330376
1330377
1330378
1330379
1330380
1330381
1330382
1330383
1330384
1330385
1330386
1330387
1330388
1330389
1330390
1330391
1330392
1330393
1330394
1330395
1330396
1330397
1330398
1330399
1330400
1330401
1330402
1330403
1330404
1330405
1330406
1330407
1330408
1330409
1330410
1330411
1330412
1330413
1330414
1330415
1330416
1330417
1330418
1330419
1330420
1330421
1330422
1330423
1330424
1330425
1330426
1330428
1330429
1330430
1330431
1330432
1330433
1330434
1330435
1330436
1330437
1330438
1330439
1330440
1330441
1330442
1330443
1330444
1330445
1330446
1330447
1330448
1330449
1330450
1330451
1330452
1330453
1330454
1330455
1330456
1330457
1330458
1330459
1330460
1330461
1330462
1330463
1330464
1330465
1330466
1330467
1330468
1330469
1330470
1330471
1330472
1330473
1330474
1330475
1330476
1330477
1330478
1330479
1330480
1330481
1330482
1330483
1330484
1330485
1330486
1330487
1330488
1330489
1330490
1330491
1330492
1330493
1330494
1330495
1330496
1330497
1330498
1330499
1330500
1330501
1330502
1330503
1330504
1330505
1330506
1330507
1330508
1330509
1330510
1330511
1330512
1330513
1330514
1330515
1330516
1330517
1330518
1330519
1330520
1330521
1330522
1330523
1330524
1330525
1330526
1330527
1330528
1330529
1330530
1330531
1330532
1330533
1330534
1330535
1330536
1330537
1330538
1330539
1330540
1330541
1330542
1330543
1330544
1330545
1330546
1330547
1330548
1330549
1330550
1330551
1330552
1330553
1330554
1330555
1330556
1330557
1330558
1330559
1330560
1330561
1330562
1330563
1330564
1330565
1330566
1330567
1330568
1330569
1330570
1330571
1330572
1330573
1330574
1330575
1330576
1330577
1330578
1330579
1330580
1330581
1330582
1330583
1330584
1330585
1330586
1330587
1330588
1330589
1330590
1330591
1330592
1330593
1330594
1330595
1330596
1330597
1330598
1330599
1330600
1330601
1330602
1330603
1330604
1330605
1330606
1330607
1330608
1330609
1330610
1330611
1330612
1330613
1330614
1330615
1330616
1330617
1330618
1330619
1330620
1330621
1330622
1330623
1330624
1330625
1330626
1330627
1330628
1330629
1330630
1330631
1330632
1330633
1330634
1330635
1330636
1330637
1330638
1330639
1330640
1330641
1330642
1330643
1330644
1330645
1330646
1330647
1330648
1330649
1330650
1330651
1330652
1330653
1330654
1330655
1330656
1330657
1330658
1330659
1330660
1330661
1330662
1330663
1330664
1330665
1330666
1330667
1330668
1330669
1330670
1330671
1330672
1330673
1330674
1330675
1330676
1330677
1330678
1330679
1330680
1330681
1330682
1330683
1330684
1330685
1330686
1330687
1330688
1330689
1330690
1330691
1330692
1330693
1330694
1330695
1330696
1330697
1330698
1330699
1330700
1330701
1330702
1330703
1330704
1330705
1330706
1330707
1330708
1330709
1330710
1330711
1330712
1330713
1330714
1330715
1330716
1330717
1330718
1330719
1330720
1330721
1330722
1330723
1330724
1330725
1330726
1330727
1330728
1330729
1330730
1330731
1330732
1330733
1330734
1330735
1330736
1330737
1330738
1330739
1330740
1330741
1330742
1330743
1330744
1330745
1330746
1330747
1330748
1330749
1330750
1330751
1330752
1330753
1330754
1330755
1330756
1330757
1330758
1330759
1330760
1330761
1330762
1330763
1330764
1330765
1330766
1330767
1330768
1330769
1330770
1330771
1330772
1330773
1330774
1330775
1330776
1330777
1330778
1330779
1330780
1330781
1330782
1330783
1330784
1330785
1330786
1330787
1330788
1330789
1330790
1330791
1330792
1330793
1330794
1330795
1330796
1330797
1330798
1330799
1330800
1330801
1330802
1330803
1330804
1330805
1330806
1330807
1330808
1330809
1330810
1330811
1330812
1330813
1330814
1330815
1330816
1330817
1330818
1330819
1330820
1330821
1330822
1330823
1330824
1330825
1330826
1330827
1330828
1330829
1330830
1330831
1330832
1330833
1330834
1330835
1330836
1330837
1330838
1330839
1330840
1330841
1330842
1330843
1330844
1330845
1330846
1330847
1330848
1330849
1330850
1330851
1330852
1330853
1330854
1330855
1330856
1330857
1330858
1330859
1330860
1330861
1330862
1330863
1330864
1330865
1330866
1330867
1330868
1330869
1330870
1330871
1330872
1330873
1330874
1330875
1330876
1330877
1330878
1330879
1330880
1330881
1330882
1330883
1330884
1330885
1330886
1340001
1340002
1340003
1340004
1340005
1340006
1340007
1340008
1340009
1340010
1340011
1340012
1340013
1340014
1340015
1340016
1340017
1340018
1340019
1340020
1340021
1340022
1340023
1340024
1340025
1340026
1340027
1340028
1340029
1340030
1340031
1340032
1340033
1340034
1340035
1340036
1340037
1340038
1340039
1340040
1340041
1340042
1340043
1340044
1340045
1340046
1340047
1340048
1340049
1340050
1340051
1340052
1340053
1340054
1340055
1340056
1340057
1340058
1340059
1340060
1340061
1340062
1340063
1340064
1340065
1340066
1340067
1340068
1340069
1340070
1340071
1340072
1340073
1340074
1340075
1340076
1340077
1340078
1340079
1340080
1340081
1340082
1340083
1340084
1340085
1340086
1340087
1340088
1340089
1340090
1340091
1340092
1340093
1340094
1340095
1340096
1340097
1340098
1340099
1340100
1340101
1340102
1340103
1340104
1340105
1340106
1340107
1340108
1340109
1340110
1340111
1340112
1340113
1340114
1340115
1340116
1340117
1340118
1340119
1340120
1340121
1340122
1340123
1340124
1340125
1340126
1340127
1340128
1340129
1340130
1340131
1340132
1340133
1340134
1340135
1340136
1340137
1340138
1340139
1340140
1340141
1340142
1340143
1340144
1340145
1340146
1340147
1340148
1340149
1340150
1340151
1340152
1340153
1340154
1340155
1340156
1340157
1340158
1340159
1340160
1340161
1340162
1340163
1340164
1340165
1340166
1340167
1340168
1340169
1340170
1340171
1340172
1340173
1340174
1340175
1340176
1340177
1340178
1340179
1340180
1340181
1340182
1340183
1340184
1340185
1340186
1340187
1340188
1340189
1340190
1340191
1340192
1340193
1340194
1340195
1340196
1340197
1340198
1340199
1340200
1340201
1340202
1340203
1340204
1340205
1340206
1340207
1340208
1340209
1340210
1340211
1340212
1340213
1340214
1340215
1340216
1340217
1340218
1340219
1340220
1340221
1340222
1340223
1340224
1340225
1340226
1340227
1340228
1340229
1340230
1340231
1340232
1340233
1340234
1340235
1340236
1340237
1340238
1340239
1340240
1340241
1340242
1340243
1340244
1340245
1340246
1340247
1340248
1340249
1340250
1340251
1340252
1340253
1340254
1340255
1340256
1340257
1340258
1340259
1340260
1340261
1340262
1340263
1340264
1340265
1340266
1340267
1340268
1340269
1340270
1340271
1340272
1340273
1340274
1340275
1340276
1340277
1340278
1340279
1340280
1340281
1340282
1340283
1340284
1340285
1340286
1340287
1340288
1340289
1340290
1340291
1340292
1340293
1340294
1340295
1340296
1340297
1340298
1340299
1340300
1340301
1340302
1340303
1340304
1340305
1340306
1340307
1340308
1340309
1340310
1340311
1340312
1340313
1340314
1340315
1340316
1340317
1340318
1340319
1340320
1340321
1340322
1340323
1340324
1340325
1340326
1340327
1340328
1340329
1340330
1340331
1340332
1340333
1340334
1340335
1340336
1340337
1340338
1340339
1340340
1340341
1340342
1340343
1340344
1340345
1340346
1340347
1340348
1340349
1340350
1340351
1340352
1340353
1340354
1340355
1340356
1340357
1340358
1340359
1340360
1340361
1340362
1340363
1340364
1340365
1340366
1340367
1340368
1340369
1340370
1340371
1340372
1340373
1340374
1340375
1340376
1340377
1340378
1340379
1340380
1340381
1340382
1340383
1340384
1340385
1340386
1340387
1340388
1340389
1340390
1340391
1340392
1340393
1340394
1340395
1340396
1340397
1340398
1340399
1340400
1340401
1340402
1340403
1340404
1340405
1340406
1340407
1340408
1340409
1340410
1340411
1340412
1340413
1340414
1340415
1340416
1340417
1340418
1340419
1340420
1340421
1340422
1340423
1340424
1340425
1340426
1340427
1340428
1340429
1340430
1340431
1340432
1340433
1340434
1340435
1340436
1340437
1340438
1340439
1340440
1340441
1340442
1340443
1340444
1340445
1340446
1340447
1340448
1340449
1340450
1340451
1340452
1340453
1340454
1340455
1340456
1340457
1340458
1340459
1340460
1340461
1340462
1340463
1340464
1340465
1340466
1340467
1340468
1340469
1340470
1340471
1340472
1340473
1340474
1340475
1340476
1340477
1340478
1340479
1340480
1340481
1340482
1340483
1340484
1340485
1340486
1340487
1340488
1340489
1340490
1340491
1340492
1340493
1340494
1340495
1340496
1340497
1340498
1340499
1340500
1340501
1340502
1340503
1340504
1340505
1340506
1340507
1340508
1340509
1340510
1340511
1340512
1340513
1340514
1340515
1340516
1340517
1340518
1340519
1340520
1340521
1340522
1340523
1340524
1340525
1340526
1340527
1340528
1340529
1340530
1340531
1340532
1340533
1340534
1340535
1340536
1340537
1340538
1340539
1340540
1340541
1340542
1340543
1340544
1340545
1340546
1340547
1340548
1340549
1340550
1340551
1340552
1340553
1340554
1340555
1340556
1340557
1340558
1340559
1340560
1340561
1340562
1340563
1340564
1340565
1340566
1340567
1340568
1340569
1340570
1340571
1340572
1340573
1340574
1340575
1340576
1340577
1340578
1340579
1340580
1340581
1350001
1350002
1350003
1350004
1350005
1350006
1350007
1350008
1350009
1350010
1350011
1350012
1350013
1350014
1350015
1350016
1350017
1350018
1350019
1350020
1350021
1350022
1350023
1350024
1350025
1350026
1350027
1350028
1350029
1350030
1350031
1350032
1350033
1350034
1350035
1350036
1350037
1350038
1350039
1350040
1350041
1350042
1350043
1350044
1350045
1350046
1350047
1350048
1350049
1350050
1350051
1350052
1350053
1350054
1350055
1350056
1350057
1350058
1350059
1350060
1350061
1350062
1350063
1350064
1350065
1350066
1350067
1350068
1350069
1350070
1350071
1350072
1350073
1350074
1350075
1350076
1350077
1350078
1350079
1350080
1350081
1350082
1350083
1350084
1350085
1350086
1350087
1350088
1350089
1350090
1350091
1350092
1350093
1350094
1350095
1350096
1350097
1350098
1350099
1350100
1350101
1350102
1350103
1350104
1350105
1350106
1350107
1350108
1350109
1350110
1350111
1350112
1350113
1350114
1350115
1350116
1350117
1350118
1350119
1350120
1350121
1350122
1350123
1350124
1350125
1350126
1350127
1350128
1350129
1350130
1350131
1350132
1350133
1350134
1350135
1350136
1350137
1350138
1350139
1350140
1350141
1350142
1350143
1350144
1350145
1350146
1350147
1350148
1350149
1350150
1350151
1350152
1350153
1350154
1350155
1350156
1350157
1350158
1350159
1350160
1350161
1350162
1350163
1350164
1350165
1350166
1350167
1350168
1350169
1350170
1350171
1350172
1350173
1350174
1350175
1350176
1350177
1350178
1350179
1350180
1350181
1350182
1350183
1350184
1350185
1350186
1350187
1350188
1350189
1350190
1350191
1350192
1350193
1350194
1350195
1350196
1350197
1350198
1350199
1350200
1350201
1350202
1350203
1350204
1350205
1350206
1350207
1350208
1350209
1350210
1350211
1350212
1350213
1350214
1350215
1350216
1350217
1350218
1350219
1350220
1350221
1350222
1350223
1350224
1350225
1350226
1350227
1350228
1350229
1350230
1350231
1350232
1350233
1350234
1350235
1350236
1350237
1350238
1350239
1350240
1350241
1350242
1350243
1350244
1350245
1350246
1350247
1350248
1350249
1350250
1350251
1350252
1350253
1350254
1350255
1350256
1350257
1350258
1350259
1350260
1350261
1350262
1350263
1350264
1350265
1350266
1350267
1350268
1350269
1350270
1350271
1350272
1350273
1350274
1350275
1350276
1350277
1350278
1350279
1350280
1350281
1350282
1350283
1350284
1350285
1350286
1350287
1350288
1350289
1350290
1350291
1350292
1350293
1350294
1350295
1350296
1350297
1350298
1350299
1350300
1350301
1350302
1350303
1350304
1350305
1350306
1350307
1350308
1350309
1350310
1350311
1350312
1350313
1350314
1350315
1350316
1350317
1350318
1350319
1360001
1360002
1360003
1360004
1360005
1360006
1360007
1360008
1360009
1360010
1360011
1360012
1360013
1360014
1360015
1360016
1360017
1360018
1360019
1360020
1360021
1360022
1360023
1360024
1360025
1360026
1360027
1360028
1360029
1360030
1360031
1360032
1360033
1360034
1360035
1360036
1360037
1360038
1360039
1360040
1360041
1360042
1360043
1360044
1360045
1360046
1360047
1360048
1360049
1360050
1360051
1360052
1360053
1360054
1360055
1360056
1360057
1360058
1360059
1360060
1360061
1360062
1360063
1360064
1360065
1360066
1360067
1360068
1360069
1360070
1360071
1360072
1360073
1360074
1360075
1360076
1360077
1360078
1360079
1360080
1360081
1360082
1360083
1360084
1360085
1360086
1360087
1360088
1360089
1360090
1360091
1360092
1360093
1360094
1360095
1360096
1360097
1360098
1360099
1360100
1360101
1360102
1360103
1360104
1360105
1360106
1360107
1360108
1360109
1360110
1360111
1360112
1360113
1360114
1360115
1360116
1360117
1360118
1360119
1360120
1360121
1360122
1360123
1360124
1360125
1360126
1360127
1360128
1360129
1360130
1360131
1360132
1360133
1360134
1360135
1360136
1360137
1360138
1360139
1360140
1360141
1360142
1360143
1360144
1360145
1360146
1360147
1360148
1360149
1360150
1360151
1360152
1360153
1360154
1360155
1360156
1360157
1360158
1360159
1360160
1360161
1360162
1360163
1360164
1360165
1360166
1360167
1360168
1360169
1360170
1360171
1360172
1360173
1360174
1360175
1360176
1360177
1360178
1360179
1360180
1360181
1360182
1360183
1360184
1360185
1360186
1360187
1360188
1360189
1360190
1360191
1360192
1360193
1360194
1360195
1360196
1360197
1360198
1360199
1360200
1360201
1360202
1360203
1360204
1360205
1360206
1360207
1360208
1360209
1360210
1360211
1360212
1360213
1360214
1360215
1360216
1360217
1360218
1360219
1360220
1360221
1360222
1360223
1360224
1360225
1360226
1360227
1360228
1360229
1360230
1360231
1360232
1360233
1360234
1360235
1360236
1360237
1360238
1360239
1360240
1360241
1360242
1360243
1360244
1360245
1360246
1360247
1360248
1360249
1360250
1360251
1360252
1360253
1360254
1360255
1360256
1360257
1360258
1360259
1360260
1360261
1360262
1360263
1360264
1360265
1360266
1360267
1360268
1360269
1360270
1360271
1360272
1360273
1360274
1360275
1360276
1360277
1360278
1360279
1360280
1360281
1360282
1360283
1360284
1360285
1360286
1360287
1360288
1360289
1360290
1360291
1360292
1360293
1360294
1360295
1360296
1360297
1360298
1360299
1360300
1360301
1360302
1360303
1360304
1360305
1360306
1360307
1360308
1360309
1360310
1360311
1360312
1360313
1360314
1360315
1360316
1360317
1360318
1360319
1360320
1360321
1360322
1360323
1360324
1360325
1360326
1360327
1360328
1360329
1360330
1360331
1360332
1360333
1360334
1360335
1360336
1360337
1360338
1360339
1360340
1360341
1360342
1360343
1360344
1360345
1360346
1360347
1360348
1360349
1360350
1360351
1360352
1360353
1360354
1360355
1360356
1360357
1360358
1360359
1360360
1360361
1360362
1360363
1370001
1370002
1370003
1370004
1370005
1370006
1370007
1370008
1370009
1370010
1370011
1370012
1370013
1370014
1370015
1370016
1370017
1370018
1370019
1370020
1370021
1370022
1370023
1370024
1370025
1370026
1370027
1370028
1370029
1370030
1370031
1370032
1370033
1370034
1370035
1370036
1370037
1370038
1370039
1370040
1370041
1370042
1370043
1370044
1370045
1370046
1370047
1370048
1370049
1370050
1370051
1370052
1370053
1370054
1370055
1370056
1370057
1370058
1370059
1370060
1370061
1370062
1370063
1370064
1370065
1370066
1370067
1370068
1370069
1370070
1370071
1370072
1370073
1370074
1370075
1370076
1370077
1370078
1370079
1370080
1370081
1370082
1370083
1370084
1370085
1370086
1370087
1370088
1370089
1370090
1370091
1370092
1370093
1370094
1370095
1370096
1370097
1370098
1370099
1370100
1370101
1370102
1370103
1370104
1370105
1370106
1370107
1370108
1370109
1370110
1370111
1370112
1370113
1370114
1370115
1370116
1370117
1370118
1370119
1370120
1370121
1370122
1370123
1370124
1370125
1370126
1370127
1370128
1370129
1370130
1370131
1370132
1370133
1370134
1370135
1370136
1370137
1370138
1370139
1370140
1370141
1370142
1370143
1370144
1370145
1370146
1370147
1370148
1370149
1370150
1370151
1370152
1370153
1370154
1370155
1370156
1370157
1370158
1370159
1370160
1370161
1370162
1370163
1370164
1370165
1370166
1370167
1370168
1370169
1370170
1370171
1370172
1370173
1370174
1370175
1370176
1370177
1370178
1370179
1370180
1370181
1370182
1370183
1370184
1370185
1370186
1370187
1370188
1370189
1370190
1370191
1370192
1370193
1370194
1370195
1370196
1370197
1370198
1370199
1370200
1370201
1370202
1370203
1370204
1370205
1370206
1370207
1370208
1370209
1370210
1370211
1370212
1370213
1370214
1370215
1370216
1370217
1370218
1370219
1370220
1370221
1370222
1370223
1370224
1370225
1370226
1370227
1370228
1370229
1370230
1370231
1370232
1370233
1370234
1370235
1370236
1370237
1370238
1370239
1370240
1370241
1370242
1370243
1370244
1370245
1370246
1370247
1370248
1370249
1370250
1370251
1370252
1370253
1370254
1370255
1370256
1370257
1370258
1370259
1370260
1370261
1370262
1370263
1370264
1370265
1370266
1370267
1370268
1370269
1370270
1370271
1370272
1370273
1370274
1370275
1370276
1370277
1370278
1370279
1370280
1370281
1370282
1370283
1370284
1370285
1370286
1370287
1370288
1370289
1370290
1370291
1370292
1370293
1370294
1370295
1370296
1370297
1370298
1370299
1370300
1370301
1370302
1370303
1370304
1370305
1370306
1370307
1370308
1370309
1370310
1370311
1370312
1370313
1370314
1370315
1370316
1370317
1370318
1370319
1370320
1370321
1370322
1370323
1370324
1370325
1370326
1370327
1370328
1370329
1370330
1370331
1380001
1380002
1380003
1380004
1380005
1380006
1380007
1380008
1380009
1380010
1380011
1380012
1380013
1380014
1380015
1380016
1380017
1380018
1380019
1380020
1380021
1380022
1380023
1380024
1380025
1380026
1380027
1380028
1380029
1380030
1380031
1380032
1380033
1380034
1380035
1380036
1380037
1380038
1380039
1380040
1380041
1380042
1380043
1380044
1380045
1380046
1380047
1380048
1380049
1380050
1380051
1380052
1380053
1380054
1380055
1380056
1380057
1380058
1380059
1380060
1380061
1380062
1380063
1380064
1380065
1380066
1380067
1380068
1380069
1380070
1380071
1380072
1380073
1380074
1380075
1380076
1380077
1380078
1380079
1380080
1380081
1380082
1380083
1380084
1380085
1380086
1380087
1380088
1380089
1380090
1380091
1380092
1380093
1380094
1380095
1380096
1380097
1380098
1380099
1380100
1380101
1380102
1380103
1380104
1380105
1380106
1380107
1380108
1380109
1380110
1380111
1380112
1380113
1380114
1380115
1380116
1380117
1380118
1380119
1380120
1380121
1380122
1380123
1380124
1380125
1380126
1380127
1380128
1380129
1380130
1380131
1380132
1380133
1380134
1380135
1380136
1380137
1380138
1380139
1380140
1380141
1380142
1380143
1380144
1380145
1380146
1380147
1380148
1380149
1380150
1380151
1380152
1380153
1380154
1380155
1380156
1380157
1380158
1380159
1380160
1380161
1380162
1380163
1380164
1380165
1380166
1380167
1380168
1380169
1380170
1380171
1380172
1380173
1380174
1380175
1380176
1380177
1380178
1380179
1380180
1380181
1380182
1380183
1380184
1380185
1380186
1380187
1380188
1380189
1380190
1390001
1390002
1390003
1390004
1390005
1390006
1390007
1390008
1390009
1390010
1390011
1390012
1390013
1390014
1390015
1390016
1390017
1390018
1390019
1390020
1390021
1390022
1390023
1390024
1390025
1390026
1390027
1390028
1390029
1390030
1390031
1390032
1390033
1390034
1390035
1390036
1390037
1390038
1390039
1390040
1390041
1390042
1390043
1390044
1390045
1390046
1390047
1390048
1390049
1390050
1390051
1390052
1390053
1400001
1400002
1400003
1400004
1400005
1410001
