18482
19975
19976
19980
19981
21057
21230
21576
21956
22195
22866
22867
22868
22869
22879
23117
23119
23181
23200
23201
23216
23314
23338
23339
23787
25863
26722
26723
26802
26803
26805
26808
26859
26863
26881
26886
28126
39837
5011251
5012808
5012813
5013685
5013686
5013687
5013688
5013690
5019458
5020100
5020101
5021576
5022244
5022867
5022868
5022869
5023181
5023200
5023216
5023314
5023338
5026723
5026802
5026808
5028123
5121576
5122868
5123181
5123216
5123314
5123338
5223181
5223216
5223314
525317
5323216
5323314
5499
5500
7966
